,energy,edge step 1
0,8208.0,0.14667915358800382
1,8210.5,0.14623190694350793
2,8213.0,0.14742822973251044
3,8215.5,0.14609913242861755
4,8218.0,0.14695601448535633
5,8220.5,0.14690641169636498
6,8223.0,0.1470549596943134
7,8225.5,0.14701002986687778
8,8228.0,0.14707703870596145
9,8230.5,0.14599391246159915
10,8233.0,0.1456414730813251
11,8235.5,0.14584183899115205
12,8238.0,0.14554590438956386
13,8240.5,0.14494231033396027
14,8243.0,0.14554368890216163
15,8245.5,0.14469319360523822
16,8248.0,0.14489739703837987
17,8250.5,0.14450513864140513
18,8253.0,0.144654821239804
19,8255.5,0.14303572198252157
20,8258.0,0.1428090397090014
21,8260.5,0.14237436800136677
22,8263.0,0.14512935629990237
23,8265.5,0.14561186719287209
24,8268.0,0.14507249589867222
25,8270.5,0.14495274327504665
26,8273.0,0.14402148209302984
27,8275.5,0.14508097568898382
28,8278.0,0.14416197940992867
29,8280.5,0.14549246132963253
30,8283.0,0.14565471073684558
31,8285.5,0.14476184373230552
32,8288.0,0.14531849211287926
33,8290.5,0.14551055949063932
34,8293.0,0.14580381642507617
35,8295.5,0.14648543124421165
36,8298.0,0.14663236708062205
37,8300.5,0.1471566016940441
38,8303.0,0.14770606018745308
39,8305.5,0.14800824173031782
40,8308.0,0.14857734261419936
41,8310.5,0.15096433399377615
42,8313.0,0.15142043200200062
43,8315.0,0.1548616105011585
44,8315.25,0.1543671446827688
45,8315.5,0.15490610064414673
46,8315.75,0.1570139442718627
47,8316.0,0.1556821434533016
48,8316.25,0.1564567417960627
49,8316.5,0.1569931254533432
50,8316.75,0.15733437215802645
51,8317.0,0.1577144998866634
52,8317.25,0.1591130774281899
53,8317.5,0.15890209320405466
54,8317.75,0.16000130054070624
55,8318.0,0.1603404714191041
56,8318.25,0.16256720373880507
57,8318.5,0.16352900033028395
58,8318.75,0.16299135460337183
59,8319.0,0.16526810395883548
60,8319.25,0.1678859385536178
61,8319.5,0.16959263978802352
62,8319.75,0.17128108493601188
63,8320.0,0.17298112907350072
64,8320.25,0.17742072749215174
65,8320.5,0.17964614647352758
66,8320.75,0.18296635158769695
67,8321.0,0.18858255374354108
68,8321.25,0.19416186987854592
69,8321.5,0.20148924168446428
70,8321.75,0.21105991489252393
71,8322.0,0.21899951182468394
72,8322.25,0.23040475654719983
73,8322.5,0.24211852245795787
74,8322.75,0.2550082546281393
75,8323.0,0.26796982727748114
76,8323.25,0.28227196978233327
77,8323.5,0.2980801683740669
78,8323.75,0.31407718484974495
79,8324.0,0.3299157721698487
80,8324.25,0.3447154096914082
81,8324.5,0.3621239913659929
82,8324.75,0.37696377885094945
83,8325.0,0.3916854709233999
84,8325.25,0.40717730828696225
85,8325.5,0.4207604180313586
86,8325.75,0.4331773564557928
87,8326.0,0.44675678065010144
88,8326.25,0.45784175780517533
89,8326.5,0.46815472885658427
90,8326.75,0.4783163995629998
91,8327.0,0.4883345814342543
92,8327.25,0.4969950268273673
93,8327.5,0.5077033134761129
94,8327.75,0.514764680792183
95,8328.0,0.5222024939402905
96,8328.25,0.5304132730969442
97,8328.5,0.5394524701011231
98,8328.75,0.5457568389565244
99,8329.0,0.5557794653061957
100,8329.25,0.5632698488602341
101,8329.5,0.5703367950392731
102,8329.75,0.5789876791409156
103,8330.0,0.5864366053081412
104,8330.25,0.5949730726378937
105,8330.5,0.6063202188694462
106,8330.75,0.6132274543673909
107,8331.0,0.6217256321881447
108,8331.25,0.6316307147376881
109,8331.5,0.6402056444840885
110,8331.75,0.6510811402272272
111,8332.0,0.6607527403807861
112,8332.25,0.6708946889304028
113,8332.5,0.6820237665412795
114,8332.75,0.6925982256181671
115,8333.0,0.7066746835702898
116,8333.25,0.7210204244147577
117,8333.5,0.7312002708017861
118,8333.75,0.7451759667853574
119,8334.0,0.7597783624200717
120,8334.25,0.7763687400365521
121,8334.5,0.7917061844039877
122,8334.75,0.805889403897709
123,8335.0,0.8244993777194662
124,8335.25,0.8390666847267175
125,8335.5,0.8550071934746138
126,8335.75,0.8736956745629008
127,8336.0,0.8893108175122743
128,8336.25,0.9090359320573931
129,8336.5,0.9222758964147889
130,8336.75,0.9391490683815732
131,8337.0,0.9569374509455468
132,8337.25,0.973477768929333
133,8337.5,0.9874862309541648
134,8337.75,1.0033330388691954
135,8338.0,1.015348739595344
136,8338.25,1.028299415332069
137,8338.5,1.0385710634898766
138,8338.75,1.047046159669097
139,8339.0,1.0581827525605956
140,8339.25,1.0634610940399176
141,8339.5,1.0735283537345994
142,8339.75,1.076588176064291
143,8340.0,1.0834117843725048
144,8340.25,1.0842766752168012
145,8340.5,1.0886897709999095
146,8340.75,1.088965068021871
147,8341.0,1.091704531345356
148,8341.25,1.088441168088443
149,8341.5,1.091456019130031
150,8341.75,1.0895775510059764
151,8342.0,1.0883203059600797
152,8342.25,1.0884213187424785
153,8342.5,1.0875601570001443
154,8342.75,1.0863883536932006
155,8343.0,1.0877052234724176
156,8343.25,1.0843493688775911
157,8343.5,1.0872584871773097
158,8343.75,1.0856692365774738
159,8344.0,1.086268031521824
160,8344.25,1.0875059771914173
161,8344.5,1.0919192549685777
162,8344.75,1.0929062734494503
163,8345.0,1.0983246986576174
164,8345.25,1.1004240189285779
165,8345.5,1.100074219442736
166,8345.75,1.1044336799911527
167,8346.0,1.1085846054747126
168,8346.25,1.1141211108092095
169,8346.5,1.1204907964379511
170,8346.75,1.1225819038727436
171,8347.0,1.1252832198752558
172,8347.25,1.1288375101254284
173,8347.5,1.1307355229777287
174,8347.75,1.1319850281945558
175,8348.0,1.1342093149344912
176,8348.25,1.1331295097479857
177,8348.5,1.1375615055589423
178,8348.75,1.1358890727561994
179,8349.0,1.1369879631434738
180,8349.25,1.1338792962372395
181,8349.5,1.1342995158495406
182,8349.75,1.134246169889909
183,8350.0,1.1323251615921353
184,8350.25,1.1312104585834395
185,8350.5,1.1288547373619748
186,8350.75,1.1271301821224071
187,8351.0,1.1244701424847419
188,8351.25,1.1223081896026545
189,8351.5,1.121488064699585
190,8351.75,1.1181894685885723
191,8352.0,1.1145391822909105
192,8352.25,1.111824959311964
193,8352.5,1.108962750480845
194,8352.75,1.108101711559091
195,8353.0,1.1023563159494796
196,8353.25,1.1013594603989725
197,8353.5,1.0998473059554499
198,8353.75,1.096500564767183
199,8354.0,1.093759334838476
200,8354.25,1.090191432280706
201,8354.5,1.087659847550514
202,8354.75,1.0833430581604242
203,8355.0,1.078567712962028
204,8355.25,1.0806066599047268
205,8355.5,1.0770298831884135
206,8355.75,1.0724841320212652
207,8356.0,1.0727877883837988
208,8356.25,1.0685708733814996
209,8356.5,1.0676311777668734
210,8356.75,1.0651929384080958
211,8357.0,1.0655572781724196
212,8357.25,1.063081947808168
213,8357.5,1.0624570346894082
214,8357.75,1.0618137362461948
215,8358.0,1.0607788304998553
216,8358.25,1.0600160220695256
217,8358.5,1.0580335213062004
218,8358.75,1.0576264557830932
219,8359.0,1.058558924250829
220,8359.25,1.056702659510392
221,8359.5,1.0577317294787654
222,8359.75,1.058639042396526
223,8360.0,1.0585796480019234
224,8360.25,1.058278950696532
225,8360.5,1.059847928884706
226,8360.75,1.0608040163143477
227,8361.0,1.0616171413659967
228,8361.25,1.0607269024542658
229,8361.5,1.0626219837476718
230,8361.75,1.0654540591889718
231,8362.0,1.0651894113636284
232,8362.25,1.0685248104905516
233,8362.5,1.0711555764316736
234,8362.75,1.073142623433858
235,8363.0,1.0750827459874397
236,8363.25,1.0783754430724528
237,8363.5,1.080692340318147
238,8363.75,1.0851456218893965
239,8364.0,1.0880475157272291
240,8364.25,1.0905116729865754
241,8364.5,1.0943870989316207
242,8364.75,1.0970219668991006
243,8365.0,1.0997878543288908
244,8365.25,1.1059859063584658
245,8365.5,1.109441720880263
246,8365.75,1.1117154880807092
247,8366.0,1.1161315366818494
248,8366.25,1.1184015654597266
249,8366.5,1.12177852738112
250,8366.75,1.1265331451808551
251,8367.0,1.1294631721773885
252,8367.25,1.1345581789199488
253,8367.5,1.1384739657005054
254,8367.75,1.1430911660727152
255,8368.0,1.147029501278374
256,8368.25,1.1510580428011126
257,8368.5,1.1571028909419983
258,8368.75,1.1592819445775673
259,8369.0,1.161917633166432
260,8369.25,1.1660227755257844
261,8369.5,1.169899866935532
262,8369.75,1.1721860793769454
263,8370.0,1.17523782653685
264,8370.25,1.1788414020661195
265,8370.5,1.1809427165539725
266,8370.75,1.181943959310505
267,8371.0,1.1841810623759597
268,8371.25,1.1865048927843433
269,8371.5,1.1852018716501216
270,8371.75,1.1870313506664176
271,8372.0,1.1901231728442339
272,8372.25,1.1894339900242865
273,8372.5,1.1896484694835008
274,8372.75,1.1905194905468988
275,8373.0,1.1872002033521483
276,8373.25,1.1886521355328994
277,8373.5,1.1859621234524147
278,8373.75,1.1817416306474129
279,8374.0,1.181610254115045
280,8374.25,1.1769965102987368
281,8374.5,1.1780343080722666
282,8374.75,1.1744693022654948
283,8375.0,1.1715752829282042
284,8375.25,1.1685774686984678
285,8375.5,1.1666925301366924
286,8375.75,1.1638592542146309
287,8376.0,1.1573049598101932
288,8376.25,1.1572324342146865
289,8376.5,1.1532561882993586
290,8376.75,1.1493411552992174
291,8377.0,1.1462479980805194
292,8377.25,1.138331678783903
293,8377.5,1.1360798889603356
294,8377.75,1.1338435166565244
295,8378.0,1.1274497000517552
296,8378.25,1.123871639791164
297,8378.5,1.1205354467133
298,8378.75,1.1183477501049282
299,8379.0,1.1146525380233407
300,8379.25,1.108744295475193
301,8379.5,1.1063387825631095
302,8379.75,1.1028434679565977
303,8380.0,1.09996745588428
304,8380.25,1.098116178369756
305,8380.5,1.0939902157857164
306,8380.75,1.0920065225290871
307,8381.0,1.0873823851250093
308,8381.25,1.0843035279889972
309,8381.5,1.0824061051787657
310,8381.75,1.0800461559689745
311,8382.0,1.0764968550441
312,8382.25,1.0741952967470025
313,8382.5,1.070504385974673
314,8382.75,1.0704941398838186
315,8383.0,1.06863518404225
316,8383.25,1.0655289659355953
317,8383.5,1.0647491375845326
318,8383.75,1.0617322558248865
319,8384.0,1.0580720804643406
320,8384.25,1.0598714499111053
321,8384.5,1.0583621743408735
322,8384.75,1.0579838069791254
323,8385.0,1.0554970967861599
324,8385.25,1.0567775148929648
325,8385.5,1.0545381387653892
326,8385.75,1.0525133318971955
327,8386.0,1.0542512206793655
328,8386.25,1.0527234468506055
329,8386.5,1.0504256811973078
330,8386.75,1.0520984344200879
331,8387.0,1.0493483666092585
332,8387.25,1.0499550441233467
333,8387.5,1.0499421757047176
334,8387.75,1.0497306057599867
335,8388.0,1.049041989231223
336,8388.25,1.0501801810837017
337,8388.5,1.0484829166832703
338,8388.75,1.0489602531874187
339,8389.0,1.0477385235069083
340,8389.25,1.0468131116871526
341,8389.5,1.0483950732431502
342,8389.75,1.0475754243477156
343,8390.0,1.0454246769645958
344,8390.25,1.0486828712550922
345,8390.5,1.048194441340577
346,8390.75,1.0495084397238963
347,8391.0,1.045157336944456
348,8391.25,1.0475653495440806
349,8391.5,1.0474826903719596
350,8391.75,1.0484656917138888
351,8392.0,1.0484561584102272
352,8392.25,1.0478949856837843
353,8392.5,1.0494834658492034
354,8392.75,1.0478786841078376
355,8393.0,1.0500266151791207
356,8393.25,1.0476430329037405
357,8393.5,1.0519886539526873
358,8393.75,1.050530155473862
359,8394.0,1.0517843247520104
360,8394.25,1.051830871731654
361,8394.5,1.0527954426772788
362,8394.75,1.0515129025528052
363,8395.0,1.053024329503706
364,8395.25,1.0524793011020603
365,8395.5,1.0540257348562383
366,8395.75,1.0548072722051767
367,8396.0,1.0555844439493878
368,8396.25,1.0569935683277647
369,8396.5,1.0579649642727753
370,8396.75,1.0585403053809785
371,8397.0,1.0637843264082487
372,8397.25,1.0607014858371178
373,8397.5,1.0605086006393083
374,8397.75,1.060233257699498
375,8398.0,1.0653243220655186
376,8398.25,1.0667848988686928
377,8398.5,1.0660319587635791
378,8398.75,1.06626905769672
379,8399.0,1.0678005686819267
380,8399.25,1.0694349849148106
381,8399.5,1.07032471572979
382,8399.75,1.0693925890700853
383,8400.0,1.0708686565830838
384,8400.25,1.074762243135728
385,8400.5,1.0723978387180855
386,8400.75,1.0760770798871562
387,8401.0,1.0750298090508836
388,8401.25,1.0766391089732874
389,8401.5,1.0763123452706436
390,8401.75,1.0791450847211252
391,8402.0,1.0798715675979034
392,8402.25,1.078335021258717
393,8402.5,1.0826878036896812
394,8402.75,1.0842252616491799
395,8403.0,1.0833836471993326
396,8403.25,1.0866256281023865
397,8403.5,1.0871121693597265
398,8403.75,1.0892042492541953
399,8404.0,1.0917880743162767
400,8404.25,1.0918459280257289
401,8404.5,1.0924822004946861
402,8404.75,1.0930241990391474
403,8405.0,1.0954343820965229
404,8405.25,1.0988965663968402
405,8405.5,1.1014304771014718
406,8405.75,1.0999284938336218
407,8406.0,1.100566038568995
408,8406.25,1.103254725308182
409,8406.5,1.1062151971661345
410,8406.75,1.109107307250387
411,8407.0,1.1102013303308889
412,8407.25,1.1115029409809674
413,8407.5,1.1103652339952221
414,8407.75,1.114795971910926
415,8408.0,1.115775889916575
416,8408.25,1.116335533484135
417,8408.5,1.11752142740926
418,8408.75,1.1180031886319812
419,8409.0,1.121788859186321
420,8409.25,1.1223574175694528
421,8409.5,1.1244531326302543
422,8409.75,1.1262713392042099
423,8410.0,1.1260356623309893
424,8410.25,1.1294209467321368
425,8410.5,1.1324448735633454
426,8410.75,1.1337272577432618
427,8411.0,1.1337316820427383
428,8411.25,1.136069021815952
429,8411.5,1.1376485427472673
430,8411.75,1.1400734940894528
431,8412.0,1.1411259775400913
432,8412.25,1.1430834639476593
433,8412.5,1.145191897907009
434,8412.75,1.1502002147562018
435,8413.0,1.150204432467799
436,8413.25,1.1521099214252286
437,8413.5,1.1538311353389779
438,8413.75,1.1565746952108973
439,8414.0,1.1566803949486488
440,8414.25,1.159799438461647
441,8414.5,1.1611599622404594
442,8414.75,1.1659826005587661
443,8415.0,1.165867639892543
444,8415.25,1.1675186587932198
445,8415.5,1.1682577089806603
446,8415.75,1.1711294546246092
447,8416.0,1.1741351607313664
448,8416.25,1.174732248132196
449,8416.5,1.1764021652332783
450,8416.75,1.1791359634926482
451,8417.0,1.179852831344714
452,8417.25,1.182702668163746
453,8417.5,1.1848769408630901
454,8417.75,1.1868235432865775
455,8418.0,1.18580550337969
456,8418.25,1.1892283967017034
457,8418.5,1.1896461909624627
458,8418.75,1.1904797646115075
459,8419.0,1.189798583738776
460,8419.25,1.190252761589982
461,8419.5,1.1918158759401722
462,8419.75,1.1939769988566182
463,8420.0,1.1930366577898652
464,8420.25,1.1939927012427098
465,8420.5,1.1952450786522513
466,8420.75,1.1951292541016731
467,8421.0,1.1933932333628852
468,8421.25,1.191686327094387
469,8421.5,1.192225953336195
470,8421.75,1.192975974858524
471,8422.0,1.1917852203427448
472,8422.25,1.1950774261800048
473,8422.5,1.190514082811415
474,8422.75,1.1906573118578492
475,8423.0,1.187215184485498
476,8424.114479,1.184789400632402
477,8425.235815,1.1765667254484227
478,8426.36401,1.1663224676005317
479,8427.499063,1.158123490195446
480,8428.640973,1.1467728452838106
481,8429.789742,1.1370224436869252
482,8430.945368,1.1248408365620837
483,8432.107853,1.1152429546350107
484,8433.277195,1.1080196281993882
485,8434.453395,1.0982731389750433
486,8435.636454,1.0901426782909909
487,8436.82637,1.0845467387449113
488,8438.023144,1.0749921991375408
489,8439.226776,1.0654016992098156
490,8440.437266,1.0568149856341233
491,8441.654614,1.0460269477192168
492,8442.878821,1.0350779503674001
493,8444.109884,1.028901766461827
494,8445.347806,1.019803070392566
495,8446.592586,1.016286845544047
496,8447.844224,1.0127049732341171
497,8449.10272,1.0139075863719689
498,8450.368074,1.0172612182975609
499,8451.640285,1.0217764328048822
500,8452.919355,1.0271936433043813
501,8454.205282,1.0344283198734041
502,8455.498068,1.0418588768245982
503,8456.797712,1.0499266462526737
504,8458.104213,1.057589485827618
505,8459.417572,1.0662020481264949
506,8460.73779,1.0712062279394423
507,8462.064865,1.074384220886878
508,8463.398798,1.078426605657979
509,8464.73959,1.0765750517965544
510,8466.087239,1.076195566392582
511,8467.441746,1.0752417249577533
512,8468.803111,1.0754680881675354
513,8470.171334,1.076172364111469
514,8471.546415,1.0809623658677805
515,8472.928354,1.0907514128663278
516,8474.317151,1.0987712135584196
517,8475.712806,1.11295907844143
518,8477.115318,1.127197760920174
519,8478.524689,1.1424454838068991
520,8479.940918,1.1539761227826355
521,8481.364005,1.1650742062906227
522,8482.793949,1.1749823594455633
523,8484.230752,1.1791233964419254
524,8485.674412,1.1818523332345237
525,8487.124931,1.1860497183266634
526,8488.582307,1.1835323323026972
527,8490.046541,1.1801324479164972
528,8491.517634,1.1738634765742817
529,8492.995584,1.1657490962916168
530,8494.480392,1.1564893064111432
531,8495.972059,1.1421653962401228
532,8497.470583,1.1276710313088973
533,8498.975965,1.1092414780430226
534,8500.488205,1.0905991127639172
535,8502.007303,1.0700694216227378
536,8503.533259,1.049667179546242
537,8505.066073,1.0296593588198173
538,8506.605745,1.0140519391250606
539,8508.152274,0.9984415628688561
540,8509.705662,0.988970293833807
541,8511.265908,0.9816230767269593
542,8512.833012,0.9810959242137938
543,8514.406973,0.984020581547681
544,8515.987793,0.991369676420057
545,8517.57547,1.003479185117204
546,8519.170006,1.013165490324091
547,8520.771399,1.0249366695141695
548,8522.379651,1.0366215788443982
549,8523.99476,1.046437086598853
550,8525.616727,1.0548924574572678
551,8527.245553,1.0623455958736485
552,8528.881236,1.0686233773997271
553,8530.523777,1.0708593884193038
554,8532.173176,1.071779910040457
555,8533.829433,1.0731689144020857
556,8535.492548,1.0729787801093642
557,8537.162521,1.0679646532763525
558,8538.839352,1.0651792818184451
559,8540.523041,1.0638374554951677
560,8542.213588,1.0605190235033148
561,8543.910993,1.0559709825603576
562,8545.615255,1.0526551042353203
563,8547.326376,1.047674580575701
564,8549.044355,1.0480386174939091
565,8550.769191,1.0473177379464107
566,8552.500886,1.0503231899598553
567,8554.239438,1.0568278027349
568,8555.984849,1.0655369883345176
569,8557.737117,1.0759613894760494
570,8559.496244,1.0842109890510871
571,8561.262228,1.091527151309211
572,8563.03507,1.0980192458371514
573,8564.814771,1.1044641999704348
574,8566.601329,1.10781664395435
575,8568.394745,1.1091451607783769
576,8570.195019,1.1084986294846895
577,8572.002151,1.108792855707205
578,8573.816141,1.1027766978605151
579,8575.636989,1.0961016618502761
580,8577.464695,1.0847171416683787
581,8579.299259,1.0766000466337715
582,8581.140681,1.0662168014104991
583,8582.98896,1.0534181138350636
584,8584.844098,1.041262825561632
585,8586.706094,1.0305903776106204
586,8588.574947,1.0228373654535394
587,8590.450659,1.0151775853066627
588,8592.333228,1.0101369136938636
589,8594.222656,1.006818492223269
590,8596.118941,1.0061359788132587
591,8598.022085,1.0059012621745378
592,8599.932086,1.0045637557559868
593,8601.848945,1.0055682938960926
594,8603.772663,1.0059618309122738
595,8605.703238,1.0057035021886884
596,8607.640671,1.005185269058777
597,8609.584962,1.0065293527894943
598,8611.536111,1.0050992955027438
599,8613.494118,1.0055354710500226
600,8615.458983,1.0060842750529528
601,8617.430706,1.006008453490822
602,8619.409287,1.0092399841174262
603,8621.394726,1.0108126651346545
604,8623.387023,1.0138800427893557
605,8625.386177,1.0183632646723844
606,8627.39219,1.0207094109229877
607,8629.405061,1.0219271077504073
608,8631.424789,1.0232588189757552
609,8633.451376,1.0258067009476488
610,8635.48482,1.0265317954004907
611,8637.525123,1.0290434362681402
612,8639.572283,1.0295631834708048
613,8641.626302,1.0314293931558436
614,8643.687178,1.033051305723976
615,8645.754912,1.0350690390661468
616,8647.829505,1.0355654602178324
617,8649.910955,1.0393380504379528
618,8651.999263,1.0404243381022726
619,8654.094429,1.0417550336017116
620,8656.196453,1.0428474338446525
621,8658.305335,1.0422054291516243
622,8660.421075,1.0387066260596134
623,8662.543673,1.035302932083445
624,8664.673129,1.0311255372948316
625,8666.809442,1.0253664286717874
626,8668.952614,1.0206963262723499
627,8671.102644,1.0142019760232501
628,8673.259532,1.010626216541009
629,8675.423277,1.0047532057416817
630,8677.593881,1.003262744296192
631,8679.771342,1.003359809934349
632,8681.955662,1.0027758574411332
633,8684.146839,1.0004635095285206
634,8686.344875,1.0011635042090947
635,8688.549768,0.9993202920955907
636,8690.761519,0.9986384594285946
637,8692.980129,0.9943571680604947
638,8695.205596,0.9916003184322651
639,8697.437921,0.9868576990561321
640,8699.677104,0.9822961396145486
641,8701.923145,0.9795151493176434
642,8704.176044,0.9781255968118072
643,8706.435801,0.9765246823810526
644,8708.702416,0.9758537426066125
645,8710.975889,0.9764090617836102
646,8713.25622,0.9753388898955959
647,8715.543409,0.9767383261130143
648,8717.837455,0.9764724467781103
649,8720.13836,0.9778288419851784
650,8722.446123,0.9771133094456391
651,8724.760743,0.9785478067885073
652,8727.082222,0.9780390674514379
653,8729.410558,0.9791418628896396
654,8731.745753,0.9788977782415498
655,8734.087805,0.9812739491300585
656,8736.436716,0.98170863897599
657,8738.792484,0.9833890157183874
658,8741.15511,0.9836828238336038
659,8743.524594,0.9847146098995819
660,8745.900937,0.9848173610925324
661,8748.284137,0.9861889661980708
662,8750.674195,0.9873657274164701
663,8753.071111,0.9878036323254711
664,8755.474885,0.9873197103850867
665,8757.885517,0.9863030511170479
666,8760.303007,0.9876176609341509
667,8762.727354,0.9859069100563846
668,8765.15856,0.984131556815875
669,8767.596624,0.9823079520375299
670,8770.041546,0.9801390173916679
671,8772.493325,0.9772758876580954
672,8774.951963,0.9730560993008303
673,8777.417459,0.9705227145151157
674,8779.889812,0.9669434712048277
675,8782.369024,0.9657216624694361
676,8784.855093,0.9638663135351417
677,8787.34802,0.9625899684529526
678,8789.847806,0.9614396597475573
679,8792.354449,0.9613946521991577
680,8794.86795,0.9616859686355731
681,8797.38831,0.9590494003222367
682,8799.915527,0.9595539797851028
683,8802.449602,0.958374294982884
684,8804.990535,0.9586653051614182
685,8807.538326,0.9546424130568877
686,8810.092975,0.9535038631723294
687,8812.654482,0.9530761830676773
688,8815.222847,0.9501649664479819
689,8817.798069,0.9480856319523219
690,8820.38015,0.9478021602828806
691,8822.969089,0.9445429238493204
692,8825.564886,0.944637570539428
693,8828.16754,0.9430580083579122
694,8830.777053,0.9407449855095013
695,8833.393423,0.9389091032120386
696,8836.016652,0.9388031057979382
697,8838.646738,0.9379440797534405
698,8841.283683,0.936603692322518
699,8843.927485,0.9356216312588804
700,8846.578146,0.9351739082650024
701,8849.235664,0.9361567361488726
702,8851.90004,0.9356936042165916
703,8854.571274,0.9359016532138166
704,8857.249366,0.9376482124784804
705,8859.934316,0.935726334514537
706,8862.626124,0.9377149744027521
707,8865.32479,0.9345156217621157
708,8868.030314,0.9334238551721918
709,8870.742696,0.9299911214062663
710,8873.461936,0.9210852706030834
711,8876.188034,0.9106940855298119
712,8878.92099,0.9016005261073363
713,8881.660803,0.8960595508983377
714,8884.407475,0.8949150039342699
715,8887.161005,0.8971927120773094
716,8889.921392,0.8994647422247182
717,8892.688638,0.9056363671635512
718,8895.462741,0.916793621150145
719,8898.243703,0.9231658405190379
720,8901.031522,0.9251957419405366
721,8903.826199,0.9236215263220614
722,8906.627735,0.9235142083536902
723,8909.436128,0.920806044153496
724,8912.251379,0.9213563769362573
725,8915.073488,0.919924232576532
726,8917.902455,0.9190291047522033
727,8920.73828,0.9180559094734168
728,8923.580963,0.9172670139671519
729,8926.430504,0.9168268877860685
730,8929.286903,0.9158893790588418
731,8932.15016,0.9146286728583403
732,8935.020275,0.9124829436220052
733,8937.897248,0.9130799270450829
734,8940.781079,0.9103394857094376
735,8943.671767,0.9100870969565991
736,8946.569314,0.9082945353673518
737,8949.473718,0.9070282205655517
738,8952.384981,0.9055340270550574
739,8955.303101,0.9063282517135485
740,8958.22808,0.9038860576279094
741,8961.159916,0.9018864214499203
742,8964.098611,0.9022746301071146
743,8967.044163,0.9017389347608304
744,8969.996573,0.9008406483064278
745,8972.955841,0.8998135099246499
746,8975.921968,0.9004334210932892
747,8978.894952,0.8993261224202506
748,8981.874794,0.8985328562349536
749,8984.861494,0.8988984489281291
750,8987.855052,0.8974616073458217
751,8990.855468,0.8976924133357214
752,8993.862742,0.8966745010185536
753,8996.876874,0.8969447099735771
754,8999.897863,0.8969401741756745
755,9002.925711,0.895809341843752
756,9005.960417,0.8953579283163008
757,9009.00198,0.894019197868903
758,9012.050402,0.894344148135925
759,9015.105682,0.8927625140214037
760,9018.167819,0.890988640113037
761,9021.236815,0.8907064077844103
762,9024.312668,0.8900790029468678
763,9027.395379,0.8884900870647469
764,9030.484949,0.8877879477311044
765,9033.581376,0.8879411851242794
766,9036.684661,0.8863456010573532
767,9039.794804,0.8849656505658982
768,9042.911806,0.8827782701978566
769,9046.035665,0.882922769676191
770,9049.166382,0.8814386310510368
771,9052.303957,0.8802361500348106
772,9055.44839,0.8794530930920331
773,9058.599681,0.8786260766102999
774,9061.75783,0.8777992230765883
775,9064.922836,0.8767576238462522
776,9068.094701,0.8753903956920119
777,9071.273424,0.8739843308128751
778,9074.459005,0.8731015659919237
779,9077.651443,0.8727726627056938
