,energy,edge step 2
0,8208.0,0.29335830717600764
1,8210.5,0.29246381388701587
2,8213.0,0.29485645946502087
3,8215.5,0.2921982648572351
4,8218.0,0.29391202897071267
5,8220.5,0.29381282339272996
6,8223.0,0.2941099193886268
7,8225.5,0.29402005973375556
8,8228.0,0.2941540774119229
9,8230.5,0.2919878249231983
10,8233.0,0.2912829461626502
11,8235.5,0.2916836779823041
12,8238.0,0.2910918087791277
13,8240.5,0.28988462066792053
14,8243.0,0.29108737780432326
15,8245.5,0.28938638721047644
16,8248.0,0.28979479407675973
17,8250.5,0.28901027728281026
18,8253.0,0.289309642479608
19,8255.5,0.28607144396504314
20,8258.0,0.2856180794180028
21,8260.5,0.28474873600273354
22,8263.0,0.29025871259980474
23,8265.5,0.29122373438574417
24,8268.0,0.29014499179734443
25,8270.5,0.2899054865500933
26,8273.0,0.2880429641860597
27,8275.5,0.29016195137796763
28,8278.0,0.28832395881985734
29,8280.5,0.29098492265926507
30,8283.0,0.29130942147369115
31,8285.5,0.28952368746461105
32,8288.0,0.2906369842257585
33,8290.5,0.29102111898127864
34,8293.0,0.29160763285015234
35,8295.5,0.2929708624884233
36,8298.0,0.2932647341612441
37,8300.5,0.2943132033880882
38,8303.0,0.29541212037490616
39,8305.5,0.29601648346063564
40,8308.0,0.2971546852283987
41,8310.5,0.3019286679875523
42,8313.0,0.30284086400400123
43,8315.0,0.309723221002317
44,8315.25,0.3087342893655376
45,8315.5,0.30981220128829345
46,8315.75,0.3140278885437254
47,8316.0,0.3113642869066032
48,8316.25,0.3129134835921254
49,8316.5,0.3139862509066864
50,8316.75,0.3146687443160529
51,8317.0,0.3154289997733268
52,8317.25,0.3182261548563798
53,8317.5,0.3178041864081093
54,8317.75,0.3200026010814125
55,8318.0,0.3206809428382082
56,8318.25,0.32513440747761013
57,8318.5,0.3270580006605679
58,8318.75,0.32598270920674366
59,8319.0,0.33053620791767097
60,8319.25,0.3357718771072356
61,8319.5,0.33918527957604705
62,8319.75,0.34256216987202376
63,8320.0,0.34596225814700143
64,8320.25,0.3548414549843035
65,8320.5,0.35929229294705517
66,8320.75,0.3659327031753939
67,8321.0,0.37716510748708215
68,8321.25,0.38832373975709183
69,8321.5,0.40297848336892855
70,8321.75,0.42211982978504786
71,8322.0,0.4379990236493679
72,8322.25,0.46080951309439966
73,8322.5,0.48423704491591574
74,8322.75,0.5100165092562786
75,8323.0,0.5359396545549623
76,8323.25,0.5645439395646665
77,8323.5,0.5961603367481338
78,8323.75,0.6281543696994899
79,8324.0,0.6598315443396974
80,8324.25,0.6894308193828164
81,8324.5,0.7242479827319858
82,8324.75,0.7539275577018989
83,8325.0,0.7833709418467998
84,8325.25,0.8143546165739245
85,8325.5,0.8415208360627172
86,8325.75,0.8663547129115856
87,8326.0,0.8935135613002029
88,8326.25,0.9156835156103507
89,8326.5,0.9363094577131685
90,8326.75,0.9566327991259996
91,8327.0,0.9766691628685086
92,8327.25,0.9939900536547346
93,8327.5,1.0154066269522257
94,8327.75,1.029529361584366
95,8328.0,1.044404987880581
96,8328.25,1.0608265461938884
97,8328.5,1.0789049402022461
98,8328.75,1.0915136779130488
99,8329.0,1.1115589306123914
100,8329.25,1.1265396977204682
101,8329.5,1.1406735900785463
102,8329.75,1.1579753582818313
103,8330.0,1.1728732106162825
104,8330.25,1.1899461452757873
105,8330.5,1.2126404377388924
106,8330.75,1.2264549087347818
107,8331.0,1.2434512643762894
108,8331.25,1.2632614294753761
109,8331.5,1.280411288968177
110,8331.75,1.3021622804544544
111,8332.0,1.3215054807615723
112,8332.25,1.3417893778608057
113,8332.5,1.364047533082559
114,8332.75,1.3851964512363342
115,8333.0,1.4133493671405797
116,8333.25,1.4420408488295153
117,8333.5,1.4624005416035721
118,8333.75,1.4903519335707147
119,8334.0,1.5195567248401434
120,8334.25,1.5527374800731042
121,8334.5,1.5834123688079753
122,8334.75,1.611778807795418
123,8335.0,1.6489987554389325
124,8335.25,1.678133369453435
125,8335.5,1.7100143869492277
126,8335.75,1.7473913491258015
127,8336.0,1.7786216350245485
128,8336.25,1.8180718641147862
129,8336.5,1.8445517928295778
130,8336.75,1.8782981367631464
131,8337.0,1.9138749018910937
132,8337.25,1.946955537858666
133,8337.5,1.9749724619083295
134,8337.75,2.006666077738391
135,8338.0,2.030697479190688
136,8338.25,2.056598830664138
137,8338.5,2.077142126979753
138,8338.75,2.094092319338194
139,8339.0,2.116365505121191
140,8339.25,2.1269221880798352
141,8339.5,2.147056707469199
142,8339.75,2.153176352128582
143,8340.0,2.1668235687450097
144,8340.25,2.1685533504336023
145,8340.5,2.177379541999819
146,8340.75,2.177930136043742
147,8341.0,2.183409062690712
148,8341.25,2.176882336176886
149,8341.5,2.182912038260062
150,8341.75,2.179155102011953
151,8342.0,2.1766406119201593
152,8342.25,2.176842637484957
153,8342.5,2.1751203140002886
154,8342.75,2.1727767073864013
155,8343.0,2.175410446944835
156,8343.25,2.1686987377551823
157,8343.5,2.1745169743546193
158,8343.75,2.1713384731549477
159,8344.0,2.172536063043648
160,8344.25,2.1750119543828346
161,8344.5,2.1838385099371553
162,8344.75,2.1858125468989007
163,8345.0,2.196649397315235
164,8345.25,2.2008480378571558
165,8345.5,2.200148438885472
166,8345.75,2.2088673599823054
167,8346.0,2.217169210949425
168,8346.25,2.228242221618419
169,8346.5,2.2409815928759023
170,8346.75,2.245163807745487
171,8347.0,2.2505664397505116
172,8347.25,2.257675020250857
173,8347.5,2.2614710459554574
174,8347.75,2.2639700563891116
175,8348.0,2.2684186298689824
176,8348.25,2.2662590194959713
177,8348.5,2.2751230111178846
178,8348.75,2.271778145512399
179,8349.0,2.2739759262869477
180,8349.25,2.267758592474479
181,8349.5,2.268599031699081
182,8349.75,2.268492339779818
183,8350.0,2.2646503231842705
184,8350.25,2.262420917166879
185,8350.5,2.2577094747239497
186,8350.75,2.2542603642448142
187,8351.0,2.2489402849694837
188,8351.25,2.244616379205309
189,8351.5,2.24297612939917
190,8351.75,2.2363789371771445
191,8352.0,2.229078364581821
192,8352.25,2.223649918623928
193,8352.5,2.21792550096169
194,8352.75,2.216203423118182
195,8353.0,2.204712631898959
196,8353.25,2.202718920797945
197,8353.5,2.1996946119108998
198,8353.75,2.193001129534366
199,8354.0,2.187518669676952
200,8354.25,2.180382864561412
201,8354.5,2.175319695101028
202,8354.75,2.1666861163208484
203,8355.0,2.157135425924056
204,8355.25,2.1612133198094536
205,8355.5,2.154059766376827
206,8355.75,2.1449682640425305
207,8356.0,2.1455755767675977
208,8356.25,2.137141746762999
209,8356.5,2.135262355533747
210,8356.75,2.1303858768161916
211,8357.0,2.1311145563448393
212,8357.25,2.126163895616336
213,8357.5,2.1249140693788164
214,8357.75,2.1236274724923896
215,8358.0,2.1215576609997107
216,8358.25,2.120032044139051
217,8358.5,2.116067042612401
218,8358.75,2.1152529115661864
219,8359.0,2.117117848501658
220,8359.25,2.113405319020784
221,8359.5,2.1154634589575307
222,8359.75,2.117278084793052
223,8360.0,2.117159296003847
224,8360.25,2.116557901393064
225,8360.5,2.119695857769412
226,8360.75,2.1216080326286955
227,8361.0,2.1232342827319934
228,8361.25,2.1214538049085316
229,8361.5,2.1252439674953436
230,8361.75,2.1309081183779437
231,8362.0,2.130378822727257
232,8362.25,2.137049620981103
233,8362.5,2.142311152863347
234,8362.75,2.146285246867716
235,8363.0,2.1501654919748794
236,8363.25,2.1567508861449056
237,8363.5,2.161384680636294
238,8363.75,2.170291243778793
239,8364.0,2.1760950314544583
240,8364.25,2.1810233459731507
241,8364.5,2.1887741978632413
242,8364.75,2.194043933798201
243,8365.0,2.1995757086577816
244,8365.25,2.2119718127169317
245,8365.5,2.218883441760526
246,8365.75,2.2234309761614184
247,8366.0,2.232263073363699
248,8366.25,2.236803130919453
249,8366.5,2.24355705476224
250,8366.75,2.2530662903617102
251,8367.0,2.258926344354777
252,8367.25,2.2691163578398976
253,8367.5,2.276947931401011
254,8367.75,2.2861823321454304
255,8368.0,2.294059002556748
256,8368.25,2.302116085602225
257,8368.5,2.3142057818839965
258,8368.75,2.3185638891551346
259,8369.0,2.323835266332864
260,8369.25,2.3320455510515687
261,8369.5,2.339799733871064
262,8369.75,2.344372158753891
263,8370.0,2.3504756530737
264,8370.25,2.357682804132239
265,8370.5,2.361885433107945
266,8370.75,2.36388791862101
267,8371.0,2.3683621247519193
268,8371.25,2.3730097855686867
269,8371.5,2.370403743300243
270,8371.75,2.3740627013328353
271,8372.0,2.3802463456884677
272,8372.25,2.378867980048573
273,8372.5,2.3792969389670016
274,8372.75,2.3810389810937975
275,8373.0,2.3744004067042965
276,8373.25,2.377304271065799
277,8373.5,2.3719242469048294
278,8373.75,2.3634832612948258
279,8374.0,2.36322050823009
280,8374.25,2.3539930205974735
281,8374.5,2.3560686161445332
282,8374.75,2.3489386045309897
283,8375.0,2.3431505658564085
284,8375.25,2.3371549373969356
285,8375.5,2.3333850602733848
286,8375.75,2.3277185084292618
287,8376.0,2.3146099196203864
288,8376.25,2.314464868429373
289,8376.5,2.306512376598717
290,8376.75,2.298682310598435
291,8377.0,2.2924959961610387
292,8377.25,2.276663357567806
293,8377.5,2.2721597779206713
294,8377.75,2.2676870333130488
295,8378.0,2.2548994001035103
296,8378.25,2.247743279582328
297,8378.5,2.2410708934266
298,8378.75,2.2366955002098563
299,8379.0,2.2293050760466815
300,8379.25,2.217488590950386
301,8379.5,2.212677565126219
302,8379.75,2.2056869359131954
303,8380.0,2.19993491176856
304,8380.25,2.196232356739512
305,8380.5,2.187980431571433
306,8380.75,2.1840130450581743
307,8381.0,2.1747647702500186
308,8381.25,2.1686070559779944
309,8381.5,2.1648122103575314
310,8381.75,2.160092311937949
311,8382.0,2.1529937100882
312,8382.25,2.148390593494005
313,8382.5,2.141008771949346
314,8382.75,2.140988279767637
315,8383.0,2.1372703680845
316,8383.25,2.1310579318711906
317,8383.5,2.129498275169065
318,8383.75,2.123464511649773
319,8384.0,2.1161441609286813
320,8384.25,2.1197428998222105
321,8384.5,2.116724348681747
322,8384.75,2.115967613958251
323,8385.0,2.1109941935723198
324,8385.25,2.1135550297859296
325,8385.5,2.1090762775307783
326,8385.75,2.105026663794391
327,8386.0,2.108502441358731
328,8386.25,2.105446893701211
329,8386.5,2.1008513623946157
330,8386.75,2.1041968688401758
331,8387.0,2.098696733218517
332,8387.25,2.0999100882466935
333,8387.5,2.099884351409435
334,8387.75,2.0994612115199733
335,8388.0,2.098083978462446
336,8388.25,2.1003603621674034
337,8388.5,2.0969658333665406
338,8388.75,2.0979205063748374
339,8389.0,2.0954770470138167
340,8389.25,2.0936262233743053
341,8389.5,2.0967901464863004
342,8389.75,2.095150848695431
343,8390.0,2.0908493539291917
344,8390.25,2.0973657425101844
345,8390.5,2.096388882681154
346,8390.75,2.0990168794477926
347,8391.0,2.090314673888912
348,8391.25,2.0951306990881613
349,8391.5,2.0949653807439192
350,8391.75,2.0969313834277776
351,8392.0,2.0969123168204544
352,8392.25,2.0957899713675685
353,8392.5,2.0989669316984068
354,8392.75,2.095757368215675
355,8393.0,2.1000532303582413
356,8393.25,2.095286065807481
357,8393.5,2.1039773079053745
358,8393.75,2.101060310947724
359,8394.0,2.103568649504021
360,8394.25,2.103661743463308
361,8394.5,2.1055908853545575
362,8394.75,2.1030258051056103
363,8395.0,2.106048659007412
364,8395.25,2.1049586022041207
365,8395.5,2.1080514697124766
366,8395.75,2.1096145444103533
367,8396.0,2.1111688878987755
368,8396.25,2.1139871366555294
369,8396.5,2.1159299285455506
370,8396.75,2.117080610761957
371,8397.0,2.1275686528164974
372,8397.25,2.1214029716742355
373,8397.5,2.1210172012786166
374,8397.75,2.120466515398996
375,8398.0,2.1306486441310373
376,8398.25,2.1335697977373855
377,8398.5,2.1320639175271583
378,8398.75,2.13253811539344
379,8399.0,2.1356011373638535
380,8399.25,2.138869969829621
381,8399.5,2.14064943145958
382,8399.75,2.1387851781401706
383,8400.0,2.1417373131661677
384,8400.25,2.149524486271456
385,8400.5,2.144795677436171
386,8400.75,2.1521541597743123
387,8401.0,2.1500596181017673
388,8401.25,2.153278217946575
389,8401.5,2.152624690541287
390,8401.75,2.1582901694422505
391,8402.0,2.1597431351958067
392,8402.25,2.156670042517434
393,8402.5,2.1653756073793624
394,8402.75,2.1684505232983597
395,8403.0,2.166767294398665
396,8403.25,2.173251256204773
397,8403.5,2.174224338719453
398,8403.75,2.1784084985083907
399,8404.0,2.1835761486325533
400,8404.25,2.1836918560514578
401,8404.5,2.1849644009893723
402,8404.75,2.1860483980782948
403,8405.0,2.1908687641930458
404,8405.25,2.1977931327936804
405,8405.5,2.2028609542029436
406,8405.75,2.1998569876672436
407,8406.0,2.20113207713799
408,8406.25,2.206509450616364
409,8406.5,2.212430394332269
410,8406.75,2.218214614500774
411,8407.0,2.2204026606617777
412,8407.25,2.2230058819619347
413,8407.5,2.2207304679904443
414,8407.75,2.229591943821852
415,8408.0,2.23155177983315
416,8408.25,2.23267106696827
417,8408.5,2.23504285481852
418,8408.75,2.2360063772639625
419,8409.0,2.243577718372642
420,8409.25,2.2447148351389057
421,8409.5,2.2489062652605085
422,8409.75,2.2525426784084197
423,8410.0,2.2520713246619786
424,8410.25,2.2588418934642736
425,8410.5,2.264889747126691
426,8410.75,2.2674545154865235
427,8411.0,2.2674633640854767
428,8411.25,2.272138043631904
429,8411.5,2.2752970854945347
430,8411.75,2.2801469881789056
431,8412.0,2.2822519550801825
432,8412.25,2.2861669278953185
433,8412.5,2.290383795814018
434,8412.75,2.3004004295124036
435,8413.0,2.300408864935598
436,8413.25,2.3042198428504572
437,8413.5,2.3076622706779557
438,8413.75,2.3131493904217946
439,8414.0,2.3133607898972977
440,8414.25,2.319598876923294
441,8414.5,2.3223199244809187
442,8414.75,2.3319652011175322
443,8415.0,2.331735279785086
444,8415.25,2.3350373175864396
445,8415.5,2.3365154179613206
446,8415.75,2.3422589092492183
447,8416.0,2.3482703214627327
448,8416.25,2.349464496264392
449,8416.5,2.3528043304665567
450,8416.75,2.3582719269852963
451,8417.0,2.359705662689428
452,8417.25,2.365405336327492
453,8417.5,2.3697538817261803
454,8417.75,2.373647086573155
455,8418.0,2.37161100675938
456,8418.25,2.378456793403407
457,8418.5,2.3792923819249254
458,8418.75,2.380959529223015
459,8419.0,2.379597167477552
460,8419.25,2.380505523179964
461,8419.5,2.3836317518803445
462,8419.75,2.3879539977132365
463,8420.0,2.3860733155797305
464,8420.25,2.3879854024854197
465,8420.5,2.3904901573045025
466,8420.75,2.3902585082033463
467,8421.0,2.3867864667257703
468,8421.25,2.383372654188774
469,8421.5,2.38445190667239
470,8421.75,2.385951949717048
471,8422.0,2.3835704406854896
472,8422.25,2.3901548523600096
473,8422.5,2.38102816562283
474,8422.75,2.3813146237156984
475,8423.0,2.374430368970996
476,8424.114479,2.369578801264804
477,8425.235815,2.3531334508968453
478,8426.36401,2.3326449352010634
479,8427.499063,2.316246980390892
480,8428.640973,2.2935456905676213
481,8429.789742,2.2740448873738504
482,8430.945368,2.2496816731241673
483,8432.107853,2.2304859092700213
484,8433.277195,2.2160392563987763
485,8434.453395,2.1965462779500866
486,8435.636454,2.1802853565819817
487,8436.82637,2.1690934774898225
488,8438.023144,2.1499843982750817
489,8439.226776,2.1308033984196313
490,8440.437266,2.1136299712682467
491,8441.654614,2.0920538954384336
492,8442.878821,2.0701559007348003
493,8444.109884,2.057803532923654
494,8445.347806,2.039606140785132
495,8446.592586,2.032573691088094
496,8447.844224,2.0254099464682342
497,8449.10272,2.0278151727439377
498,8450.368074,2.0345224365951218
499,8451.640285,2.0435528656097643
500,8452.919355,2.0543872866087627
501,8454.205282,2.0688566397468082
502,8455.498068,2.0837177536491964
503,8456.797712,2.0998532925053475
504,8458.104213,2.115178971655236
505,8459.417572,2.1324040962529898
506,8460.73779,2.1424124558788846
507,8462.064865,2.148768441773756
508,8463.398798,2.156853211315958
509,8464.73959,2.153150103593109
510,8466.087239,2.152391132785164
511,8467.441746,2.1504834499155066
512,8468.803111,2.1509361763350707
513,8470.171334,2.152344728222938
514,8471.546415,2.161924731735561
515,8472.928354,2.1815028257326556
516,8474.317151,2.197542427116839
517,8475.712806,2.22591815688286
518,8477.115318,2.254395521840348
519,8478.524689,2.2848909676137983
520,8479.940918,2.307952245565271
521,8481.364005,2.3301484125812455
522,8482.793949,2.3499647188911266
523,8484.230752,2.358246792883851
524,8485.674412,2.3637046664690473
525,8487.124931,2.372099436653327
526,8488.582307,2.3670646646053943
527,8490.046541,2.3602648958329944
528,8491.517634,2.3477269531485634
529,8492.995584,2.3314981925832337
530,8494.480392,2.3129786128222865
531,8495.972059,2.2843307924802456
532,8497.470583,2.2553420626177947
533,8498.975965,2.2184829560860453
534,8500.488205,2.1811982255278344
535,8502.007303,2.1401388432454755
536,8503.533259,2.099334359092484
537,8505.066073,2.0593187176396346
538,8506.605745,2.0281038782501213
539,8508.152274,1.9968831257377122
540,8509.705662,1.977940587667614
541,8511.265908,1.9632461534539185
542,8512.833012,1.9621918484275875
543,8514.406973,1.968041163095362
544,8515.987793,1.982739352840114
545,8517.57547,2.006958370234408
546,8519.170006,2.026330980648182
547,8520.771399,2.049873339028339
548,8522.379651,2.0732431576887964
549,8523.99476,2.092874173197706
550,8525.616727,2.1097849149145356
551,8527.245553,2.124691191747297
552,8528.881236,2.1372467547994543
553,8530.523777,2.1417187768386077
554,8532.173176,2.143559820080914
555,8533.829433,2.1463378288041715
556,8535.492548,2.1459575602187284
557,8537.162521,2.135929306552705
558,8538.839352,2.1303585636368902
559,8540.523041,2.1276749109903355
560,8542.213588,2.1210380470066297
561,8543.910993,2.111941965120715
562,8545.615255,2.1053102084706405
563,8547.326376,2.095349161151402
564,8549.044355,2.0960772349878183
565,8550.769191,2.0946354758928214
566,8552.500886,2.1006463799197106
567,8554.239438,2.1136556054698
568,8555.984849,2.131073976669035
569,8557.737117,2.1519227789520987
570,8559.496244,2.1684219781021743
571,8561.262228,2.183054302618422
572,8563.03507,2.1960384916743028
573,8564.814771,2.2089283999408695
574,8566.601329,2.2156332879087
575,8568.394745,2.2182903215567538
576,8570.195019,2.216997258969379
577,8572.002151,2.21758571141441
578,8573.816141,2.2055533957210303
579,8575.636989,2.1922033237005523
580,8577.464695,2.1694342833367575
581,8579.299259,2.153200093267543
582,8581.140681,2.1324336028209983
583,8582.98896,2.106836227670127
584,8584.844098,2.082525651123264
585,8586.706094,2.061180755221241
586,8588.574947,2.045674730907079
587,8590.450659,2.0303551706133254
588,8592.333228,2.020273827387727
589,8594.222656,2.013636984446538
590,8596.118941,2.0122719576265173
591,8598.022085,2.0118025243490756
592,8599.932086,2.0091275115119736
593,8601.848945,2.011136587792185
594,8603.772663,2.0119236618245475
595,8605.703238,2.011407004377377
596,8607.640671,2.010370538117554
597,8609.584962,2.0130587055789886
598,8611.536111,2.0101985910054876
599,8613.494118,2.0110709421000452
600,8615.458983,2.0121685501059057
601,8617.430706,2.012016906981644
602,8619.409287,2.0184799682348524
603,8621.394726,2.021625330269309
604,8623.387023,2.0277600855787115
605,8625.386177,2.0367265293447687
606,8627.39219,2.0414188218459755
607,8629.405061,2.0438542155008146
608,8631.424789,2.0465176379515104
609,8633.451376,2.0516134018952976
610,8635.48482,2.0530635908009813
611,8637.525123,2.0580868725362804
612,8639.572283,2.0591263669416096
613,8641.626302,2.062858786311687
614,8643.687178,2.066102611447952
615,8645.754912,2.0701380781322936
616,8647.829505,2.0711309204356647
617,8649.910955,2.0786761008759056
618,8651.999263,2.0808486762045453
619,8654.094429,2.0835100672034232
620,8656.196453,2.085694867689305
621,8658.305335,2.0844108583032486
622,8660.421075,2.077413252119227
623,8662.543673,2.07060586416689
624,8664.673129,2.062251074589663
625,8666.809442,2.050732857343575
626,8668.952614,2.0413926525446997
627,8671.102644,2.0284039520465003
628,8673.259532,2.021252433082018
629,8675.423277,2.0095064114833634
630,8677.593881,2.006525488592384
631,8679.771342,2.006719619868698
632,8681.955662,2.0055517148822664
633,8684.146839,2.000927019057041
634,8686.344875,2.0023270084181894
635,8688.549768,1.9986405841911814
636,8690.761519,1.9972769188571893
637,8692.980129,1.9887143361209894
638,8695.205596,1.9832006368645303
639,8697.437921,1.9737153981122642
640,8699.677104,1.9645922792290973
641,8701.923145,1.9590302986352868
642,8704.176044,1.9562511936236144
643,8706.435801,1.9530493647621052
644,8708.702416,1.951707485213225
645,8710.975889,1.9528181235672204
646,8713.25622,1.9506777797911918
647,8715.543409,1.9534766522260285
648,8717.837455,1.9529448935562206
649,8720.13836,1.9556576839703568
650,8722.446123,1.9542266188912782
651,8724.760743,1.9570956135770146
652,8727.082222,1.9560781349028757
653,8729.410558,1.9582837257792791
654,8731.745753,1.9577955564830996
655,8734.087805,1.962547898260117
656,8736.436716,1.96341727795198
657,8738.792484,1.9667780314367749
658,8741.15511,1.9673656476672077
659,8743.524594,1.9694292197991639
660,8745.900937,1.9696347221850647
661,8748.284137,1.9723779323961417
662,8750.674195,1.9747314548329402
663,8753.071111,1.9756072646509422
664,8755.474885,1.9746394207701734
665,8757.885517,1.9726061022340957
666,8760.303007,1.9752353218683019
667,8762.727354,1.9718138201127693
668,8765.15856,1.96826311363175
669,8767.596624,1.9646159040750597
670,8770.041546,1.9602780347833357
671,8772.493325,1.9545517753161907
672,8774.951963,1.9461121986016605
673,8777.417459,1.9410454290302315
674,8779.889812,1.9338869424096554
675,8782.369024,1.9314433249388723
676,8784.855093,1.9277326270702835
677,8787.34802,1.9251799369059053
678,8789.847806,1.9228793194951146
679,8792.354449,1.9227893043983153
680,8794.86795,1.9233719372711462
681,8797.38831,1.9180988006444735
682,8799.915527,1.9191079595702056
683,8802.449602,1.916748589965768
684,8804.990535,1.9173306103228365
685,8807.538326,1.9092848261137754
686,8810.092975,1.9070077263446588
687,8812.654482,1.9061523661353545
688,8815.222847,1.9003299328959637
689,8817.798069,1.8961712639046437
690,8820.38015,1.8956043205657611
691,8822.969089,1.8890858476986407
692,8825.564886,1.889275141078856
693,8828.16754,1.8861160167158244
694,8830.777053,1.8814899710190025
695,8833.393423,1.8778182064240772
696,8836.016652,1.8776062115958765
697,8838.646738,1.875888159506881
698,8841.283683,1.873207384645036
699,8843.927485,1.8712432625177609
700,8846.578146,1.8703478165300047
701,8849.235664,1.8723134722977453
702,8851.90004,1.8713872084331833
703,8854.571274,1.8718033064276332
704,8857.249366,1.8752964249569608
705,8859.934316,1.871452669029074
706,8862.626124,1.8754299488055042
707,8865.32479,1.8690312435242313
708,8868.030314,1.8668477103443837
709,8870.742696,1.8599822428125325
710,8873.461936,1.8421705412061669
711,8876.188034,1.8213881710596238
712,8878.92099,1.8032010522146726
713,8881.660803,1.7921191017966753
714,8884.407475,1.7898300078685399
715,8887.161005,1.7943854241546189
716,8889.921392,1.7989294844494363
717,8892.688638,1.8112727343271025
718,8895.462741,1.83358724230029
719,8898.243703,1.8463316810380759
720,8901.031522,1.850391483881073
721,8903.826199,1.8472430526441228
722,8906.627735,1.8470284167073805
723,8909.436128,1.841612088306992
724,8912.251379,1.8427127538725145
725,8915.073488,1.839848465153064
726,8917.902455,1.8380582095044067
727,8920.73828,1.8361118189468335
728,8923.580963,1.8345340279343039
729,8926.430504,1.833653775572137
730,8929.286903,1.8317787581176836
731,8932.15016,1.8292573457166805
732,8935.020275,1.8249658872440104
733,8937.897248,1.8261598540901658
734,8940.781079,1.8206789714188751
735,8943.671767,1.8201741939131981
736,8946.569314,1.8165890707347037
737,8949.473718,1.8140564411311033
738,8952.384981,1.8110680541101147
739,8955.303101,1.812656503427097
740,8958.22808,1.8077721152558188
741,8961.159916,1.8037728428998405
742,8964.098611,1.8045492602142292
743,8967.044163,1.803477869521661
744,8969.996573,1.8016812966128557
745,8972.955841,1.7996270198492998
746,8975.921968,1.8008668421865783
747,8978.894952,1.7986522448405011
748,8981.874794,1.7970657124699072
749,8984.861494,1.7977968978562582
750,8987.855052,1.7949232146916434
751,8990.855468,1.7953848266714427
752,8993.862742,1.7933490020371072
753,8996.876874,1.7938894199471542
754,8999.897863,1.793880348351349
755,9002.925711,1.791618683687504
756,9005.960417,1.7907158566326016
757,9009.00198,1.788038395737806
758,9012.050402,1.78868829627185
759,9015.105682,1.7855250280428074
760,9018.167819,1.781977280226074
761,9021.236815,1.7814128155688207
762,9024.312668,1.7801580058937356
763,9027.395379,1.7769801741294937
764,9030.484949,1.7755758954622087
765,9033.581376,1.7758823702485589
766,9036.684661,1.7726912021147063
767,9039.794804,1.7699313011317963
768,9042.911806,1.7655565403957132
769,9046.035665,1.765845539352382
770,9049.166382,1.7628772621020736
771,9052.303957,1.7604723000696212
772,9055.44839,1.7589061861840662
773,9058.599681,1.7572521532205998
774,9061.75783,1.7555984461531766
775,9064.922836,1.7535152476925044
776,9068.094701,1.7507807913840239
777,9071.273424,1.7479686616257502
778,9074.459005,1.7462031319838474
779,9077.651443,1.7455453254113875
