,energy,edge step 3
0,8208.0,0.4400374607640114
1,8210.5,0.4386957208305237
2,8213.0,0.44228468919753133
3,8215.5,0.43829739728585265
4,8218.0,0.440868043456069
5,8220.5,0.44071923508909494
6,8223.0,0.44116487908294016
7,8225.5,0.44103008960063333
8,8228.0,0.44123111611788435
9,8230.5,0.43798173738479745
10,8233.0,0.4369244192439753
11,8235.5,0.43752551697345615
12,8238.0,0.4366377131686916
13,8240.5,0.43482693100188075
14,8243.0,0.4366310667064849
15,8245.5,0.4340795808157147
16,8248.0,0.43469219111513957
17,8250.5,0.4335154159242154
18,8253.0,0.433964463719412
19,8255.5,0.4291071659475647
20,8258.0,0.4284271191270042
21,8260.5,0.42712310400410025
22,8263.0,0.43538806889970705
23,8265.5,0.43683560157861623
24,8268.0,0.43521748769601665
25,8270.5,0.4348582298251399
26,8273.0,0.4320644462790895
27,8275.5,0.43524292706695145
28,8278.0,0.432485938229786
29,8280.5,0.4364773839888976
30,8283.0,0.43696413221053676
31,8285.5,0.4342855311969166
32,8288.0,0.43595547633863774
33,8290.5,0.4365316784719179
34,8293.0,0.43741144927522846
35,8295.5,0.43945629373263495
36,8298.0,0.43989710124186615
37,8300.5,0.44146980508213224
38,8303.0,0.4431181805623592
39,8305.5,0.4440247251909535
40,8308.0,0.4457320278425981
41,8310.5,0.4528930019813284
42,8313.0,0.45426129600600185
43,8315.0,0.4645848315034754
44,8315.25,0.46310143404830634
45,8315.5,0.4647183019324402
46,8315.75,0.471041832815588
47,8316.0,0.46704643035990484
48,8316.25,0.46937022538818807
49,8316.5,0.4709793763600296
50,8316.75,0.4720031164740794
51,8317.0,0.4731434996599902
52,8317.25,0.47733923228456965
53,8317.5,0.476706279612164
54,8317.75,0.48000390162211876
55,8318.0,0.48102141425731226
56,8318.25,0.4877016112164152
57,8318.5,0.49058700099085184
58,8318.75,0.4889740638101155
59,8319.0,0.4958043118765064
60,8319.25,0.5036578156608534
61,8319.5,0.5087779193640706
62,8319.75,0.5138432548080356
63,8320.0,0.5189433872205022
64,8320.25,0.5322621824764552
65,8320.5,0.5389384394205827
66,8320.75,0.5488990547630908
67,8321.0,0.5657476612306231
68,8321.25,0.5824856096356378
69,8321.5,0.6044677250533929
70,8321.75,0.6331797446775718
71,8322.0,0.6569985354740517
72,8322.25,0.6912142696415995
73,8322.5,0.7263555673738736
74,8322.75,0.7650247638844179
75,8323.0,0.8039094818324434
76,8323.25,0.8468159093469997
77,8323.5,0.8942405051222007
78,8323.75,0.9422315545492348
79,8324.0,0.989747316509546
80,8324.25,1.0341462290742245
81,8324.5,1.0863719740979787
82,8324.75,1.1308913365528483
83,8325.0,1.1750564127701997
84,8325.25,1.2215319248608867
85,8325.5,1.2622812540940758
86,8325.75,1.2995320693673784
87,8326.0,1.3402703419503044
88,8326.25,1.3735252734155259
89,8326.5,1.404464186569753
90,8326.75,1.4349491986889995
91,8327.0,1.4650037443027628
92,8327.25,1.4909850804821019
93,8327.5,1.5231099404283386
94,8327.75,1.544294042376549
95,8328.0,1.5666074818208713
96,8328.25,1.5912398192908324
97,8328.5,1.618357410303369
98,8328.75,1.6372705168695731
99,8329.0,1.667338395918587
100,8329.25,1.6898095465807024
101,8329.5,1.7110103851178196
102,8329.75,1.736963037422747
103,8330.0,1.7593098159244238
104,8330.25,1.784919217913681
105,8330.5,1.8189606566083387
106,8330.75,1.8396823631021726
107,8331.0,1.865176896564434
108,8331.25,1.894892144213064
109,8331.5,1.9206169334522651
110,8331.75,1.9532434206816813
111,8332.0,1.9822582211423583
112,8332.25,2.0126840667912083
113,8332.5,2.046071299623838
114,8332.75,2.0777946768545013
115,8333.0,2.120024050710869
116,8333.25,2.163061273244273
117,8333.5,2.193600812405358
118,8333.75,2.235527900356072
119,8334.0,2.2793350872602147
120,8334.25,2.329106220109656
121,8334.5,2.375118553211963
122,8334.75,2.417668211693127
123,8335.0,2.4734981331583987
124,8335.25,2.5172000541801527
125,8335.5,2.565021580423841
126,8335.75,2.6210870236887023
127,8336.0,2.6679324525368227
128,8336.25,2.727107796172179
129,8336.5,2.7668276892443666
130,8336.75,2.8174472051447195
131,8337.0,2.8708123528366403
132,8337.25,2.920433306787999
133,8337.5,2.9624586928624943
134,8337.75,3.0099991166075863
135,8338.0,3.0460462187860315
136,8338.25,3.084898245996207
137,8338.5,3.11571319046963
138,8338.75,3.141138479007291
139,8339.0,3.1745482576817867
140,8339.25,3.190383282119753
141,8339.5,3.220585061203798
142,8339.75,3.229764528192873
143,8340.0,3.2502353531175148
144,8340.25,3.2528300256504035
145,8340.5,3.2660693129997287
146,8340.75,3.266895204065613
147,8341.0,3.2751135940360676
148,8341.25,3.265323504265329
149,8341.5,3.274368057390093
150,8341.75,3.268732653017929
151,8342.0,3.264960917880239
152,8342.25,3.2652639562274355
153,8342.5,3.262680471000433
154,8342.75,3.259165061079602
155,8343.0,3.263115670417253
156,8343.25,3.2530481066327734
157,8343.5,3.261775461531929
158,8343.75,3.2570077097324215
159,8344.0,3.258804094565472
160,8344.25,3.2625179315742514
161,8344.5,3.275757764905733
162,8344.75,3.278718820348351
163,8345.0,3.294974095972852
164,8345.25,3.3012720567857334
165,8345.5,3.300222658328208
166,8345.75,3.313301039973458
167,8346.0,3.325753816424138
168,8346.25,3.3423633324276283
169,8346.5,3.3614723893138536
170,8346.75,3.3677457116182303
171,8347.0,3.3758496596257674
172,8347.25,3.3865125303762853
173,8347.5,3.392206568933186
174,8347.75,3.3959550845836675
175,8348.0,3.402627944803473
176,8348.25,3.3993885292439567
177,8348.5,3.4126845166768267
178,8348.75,3.4076672182685983
179,8349.0,3.4109638894304215
180,8349.25,3.4016378887117185
181,8349.5,3.402898547548622
182,8349.75,3.4027385096697267
183,8350.0,3.396975484776406
184,8350.25,3.3936313757503185
185,8350.5,3.3865642120859247
186,8350.75,3.3813905463672214
187,8351.0,3.3734104274542256
188,8351.25,3.366924568807964
189,8351.5,3.364464194098755
190,8351.75,3.3545684057657166
191,8352.0,3.3436175468727316
192,8352.25,3.335474877935892
193,8352.5,3.3268882514425346
194,8352.75,3.3243051346772727
195,8353.0,3.3070689478484385
196,8353.25,3.304078381196917
197,8353.5,3.2995419178663496
198,8353.75,3.2895016943015487
199,8354.0,3.281278004515428
200,8354.25,3.2705742968421183
201,8354.5,3.2629795426515416
202,8354.75,3.2500291744812726
203,8355.0,3.2357031388860835
204,8355.25,3.2418199797141805
205,8355.5,3.23108964956524
206,8355.75,3.2174523960637957
207,8356.0,3.2183633651513968
208,8356.25,3.2057126201444985
209,8356.5,3.20289353330062
210,8356.75,3.1955788152242874
211,8357.0,3.1966718345172587
212,8357.25,3.1892458434245037
213,8357.5,3.1873711040682244
214,8357.75,3.1854412087385837
215,8358.0,3.182336491499566
216,8358.25,3.180048066208577
217,8358.5,3.1741005639186013
218,8358.75,3.1728793673492794
219,8359.0,3.175676772752487
220,8359.25,3.170107978531176
221,8359.5,3.1731951884362957
222,8359.75,3.1759171271895776
223,8360.0,3.1757389440057695
224,8360.25,3.1748368520895958
225,8360.5,3.179543786654118
226,8360.75,3.182412048943043
227,8361.0,3.1848514240979897
228,8361.25,3.1821807073627975
229,8361.5,3.1878659512430154
230,8361.75,3.196362177566915
231,8362.0,3.1955682340908855
232,8362.25,3.2055744314716548
233,8362.5,3.2134667292950203
234,8362.75,3.2194278703015735
235,8363.0,3.225248237962319
236,8363.25,3.2351263292173584
237,8363.5,3.242077020954441
238,8363.75,3.255436865668189
239,8364.0,3.264142547181687
240,8364.25,3.271535018959726
241,8364.5,3.283161296794862
242,8364.75,3.2910659006973013
243,8365.0,3.2993635629866724
244,8365.25,3.3179577190753977
245,8365.5,3.328325162640789
246,8365.75,3.335146464242128
247,8366.0,3.348394610045548
248,8366.25,3.3552046963791793
249,8366.5,3.3653355821433597
250,8366.75,3.3795994355425654
251,8367.0,3.388389516532165
252,8367.25,3.4036745367598464
253,8367.5,3.415421897101516
254,8367.75,3.4292734982181456
255,8368.0,3.4410885038351218
256,8368.25,3.4531741284033375
257,8368.5,3.4713086728259945
258,8368.75,3.477845833732702
259,8369.0,3.485752899499296
260,8369.25,3.498068326577353
261,8369.5,3.509699600806596
262,8369.75,3.5165582381308362
263,8370.0,3.5257134796105496
264,8370.25,3.5365242061983584
265,8370.5,3.5428281496619176
266,8370.75,3.5458318779315148
267,8371.0,3.552543187127879
268,8371.25,3.55951467835303
269,8371.5,3.5556056149503648
270,8371.75,3.561094051999253
271,8372.0,3.5703695185327016
272,8372.25,3.5683019700728593
273,8372.5,3.568945408450502
274,8372.75,3.571558471640696
275,8373.0,3.5616006100564443
276,8373.25,3.5659564065986977
277,8373.5,3.557886370357244
278,8373.75,3.5452248919422384
279,8374.0,3.5448307623451347
280,8374.25,3.5309895308962105
281,8374.5,3.5341029242168
282,8374.75,3.5234079067964843
283,8375.0,3.5147258487846127
284,8375.25,3.505732406095403
285,8375.5,3.5000775904100774
286,8375.75,3.4915777626438924
287,8376.0,3.4719148794305794
288,8376.25,3.4716973026440594
289,8376.5,3.459768564898076
290,8376.75,3.448023465897652
291,8377.0,3.438743994241558
292,8377.25,3.414995036351709
293,8377.5,3.408239666881007
294,8377.75,3.401530549969573
295,8378.0,3.3823491001552655
296,8378.25,3.3716149193734912
297,8378.5,3.3616063401398995
298,8378.75,3.3550432503147847
299,8379.0,3.343957614070022
300,8379.25,3.326232886425579
301,8379.5,3.3190163476893284
302,8379.75,3.308530403869793
303,8380.0,3.29990236765284
304,8380.25,3.294348535109268
305,8380.5,3.281970647357149
306,8380.75,3.2760195675872614
307,8381.0,3.262147155375028
308,8381.25,3.252910583966991
309,8381.5,3.247218315536297
310,8381.75,3.240138467906923
311,8382.0,3.2294905651323
312,8382.25,3.222585890241007
313,8382.5,3.2115131579240193
314,8382.75,3.211482419651456
315,8383.0,3.20590555212675
316,8383.25,3.1965868978067857
317,8383.5,3.194247412753598
318,8383.75,3.1851967674746593
319,8384.0,3.174216241393022
320,8384.25,3.1796143497333156
321,8384.5,3.1750865230226206
322,8384.75,3.1739514209373763
323,8385.0,3.166491290358479
324,8385.25,3.170332544678894
325,8385.5,3.1636144162961672
326,8385.75,3.157539995691587
327,8386.0,3.1627536620380963
328,8386.25,3.1581703405518167
329,8386.5,3.1512770435919233
330,8386.75,3.1562953032602636
331,8387.0,3.1480450998277756
332,8387.25,3.14986513237004
333,8387.5,3.1498265271141523
334,8387.75,3.14919181727996
335,8388.0,3.1471259676936687
336,8388.25,3.1505405432511053
337,8388.5,3.1454487500498107
338,8388.75,3.146880759562256
339,8389.0,3.143215570520725
340,8389.25,3.1404393350614574
341,8389.5,3.1451852197294503
342,8389.75,3.1427262730431464
343,8390.0,3.1362740308937878
344,8390.25,3.1460486137652763
345,8390.5,3.144583324021731
346,8390.75,3.148525319171689
347,8391.0,3.1354720108333676
348,8391.25,3.1426960486322417
349,8391.5,3.142448071115879
350,8391.75,3.1453970751416658
351,8392.0,3.1453684752306814
352,8392.25,3.1436849570513528
353,8392.5,3.14845039754761
354,8392.75,3.1436360523235125
355,8393.0,3.1500798455373618
356,8393.25,3.1429290987112215
357,8393.5,3.1559659618580613
358,8393.75,3.151590466421586
359,8394.0,3.1553529742560316
360,8394.25,3.1554926151949623
361,8394.5,3.158386328031836
362,8394.75,3.1545387076584155
363,8395.0,3.159072988511118
364,8395.25,3.157437903306181
365,8395.5,3.1620772045687144
366,8395.75,3.1644218166155302
367,8396.0,3.166753331848163
368,8396.25,3.1709807049832937
369,8396.5,3.1738948928183257
370,8396.75,3.175620916142935
371,8397.0,3.191352979224746
372,8397.25,3.182104457511353
373,8397.5,3.1815258019179247
374,8397.75,3.1806997730984934
375,8398.0,3.195972966196556
376,8398.25,3.200354696606078
377,8398.5,3.1980958762907377
378,8398.75,3.19880717309016
379,8399.0,3.2034017060457805
380,8399.25,3.2083049547444316
381,8399.5,3.2109741471893694
382,8399.75,3.208177767210256
383,8400.0,3.2126059697492515
384,8400.25,3.2242867294071837
385,8400.5,3.217193516154256
386,8400.75,3.228231239661468
387,8401.0,3.225089427152651
388,8401.25,3.2299173269198618
389,8401.5,3.228937035811931
390,8401.75,3.2374352541633753
391,8402.0,3.2396147027937103
392,8402.25,3.235005063776151
393,8402.5,3.248063411069044
394,8402.75,3.2526757849475394
395,8403.0,3.2501509415979974
396,8403.25,3.259876884307159
397,8403.5,3.2613365080791796
398,8403.75,3.267612747762586
399,8404.0,3.2753642229488302
400,8404.25,3.2755377840771867
401,8404.5,3.2774466014840584
402,8404.75,3.279072597117442
403,8405.0,3.2863031462895687
404,8405.25,3.296689699190521
405,8405.5,3.304291431304415
406,8405.75,3.299785481500865
407,8406.0,3.301698115706985
408,8406.25,3.3097641759245455
409,8406.5,3.318645591498403
410,8406.75,3.3273219217511607
411,8407.0,3.3306039909926666
412,8407.25,3.334508822942902
413,8407.5,3.3310957019856664
414,8407.75,3.344387915732778
415,8408.0,3.347327669749725
416,8408.25,3.349006600452405
417,8408.5,3.35256428222778
418,8408.75,3.354009565895944
419,8409.0,3.3653665775589627
420,8409.25,3.367072252708358
421,8409.5,3.3733593978907623
422,8409.75,3.3788140176126293
423,8410.0,3.3781069869929676
424,8410.25,3.38826284019641
425,8410.5,3.3973346206900366
426,8410.75,3.401181773229785
427,8411.0,3.401195046128215
428,8411.25,3.408207065447856
429,8411.5,3.4129456282418023
430,8411.75,3.4202204822683577
431,8412.0,3.423377932620274
432,8412.25,3.4292503918429778
433,8412.5,3.435575693721027
434,8412.75,3.4506006442686052
435,8413.0,3.4506132974033967
436,8413.25,3.4563297642756856
437,8413.5,3.4614934060169333
438,8413.75,3.469724085632692
439,8414.0,3.4700411848459463
440,8414.25,3.479398315384941
441,8414.5,3.483479886721378
442,8414.75,3.497947801676298
443,8415.0,3.497602919677629
444,8415.25,3.5025559763796594
445,8415.5,3.504773126941981
446,8415.75,3.513388363873827
447,8416.0,3.522405482194099
448,8416.25,3.524196744396588
449,8416.5,3.529206495699835
450,8416.75,3.5374078904779442
451,8417.0,3.539558494034142
452,8417.25,3.548108004491238
453,8417.5,3.5546308225892704
454,8417.75,3.5604706298597324
455,8418.0,3.5574165101390696
456,8418.25,3.5676851901051103
457,8418.5,3.568938572887388
458,8418.75,3.571439293834522
459,8419.0,3.569395751216328
460,8419.25,3.570758284769946
461,8419.5,3.5754476278205165
462,8419.75,3.581930996569854
463,8420.0,3.5791099733695955
464,8420.25,3.5819781037281295
465,8420.5,3.585735235956754
466,8420.75,3.5853877623050194
467,8421.0,3.5801797000886553
468,8421.25,3.575058981283161
469,8421.5,3.576677860008585
470,8421.75,3.5789279245755723
471,8422.0,3.575355661028234
472,8422.25,3.5852322785400146
473,8422.5,3.5715422484342443
474,8422.75,3.5719719355735475
475,8423.0,3.5616455534564935
476,8424.114479,3.554368201897206
477,8425.235815,3.5297001763452682
478,8426.36401,3.498967402801595
479,8427.499063,3.4743704705863383
480,8428.640973,3.4403185358514317
481,8429.789742,3.4110673310607758
482,8430.945368,3.3745225096862512
483,8432.107853,3.3457288639050313
484,8433.277195,3.3240588845981645
485,8434.453395,3.29481941692513
486,8435.636454,3.2704280348729724
487,8436.82637,3.2536402162347335
488,8438.023144,3.2249765974126223
489,8439.226776,3.1962050976294467
490,8440.437266,3.1704449569023696
491,8441.654614,3.1380808431576503
492,8442.878821,3.1052338511022004
493,8444.109884,3.0867052993854807
494,8445.347806,3.0594092111776976
495,8446.592586,3.048860536632141
496,8447.844224,3.0381149197023514
497,8449.10272,3.0417227591159066
498,8450.368074,3.0517836548926827
499,8451.640285,3.0653292984146465
500,8452.919355,3.0815809299131436
501,8454.205282,3.1032849596202126
502,8455.498068,3.1255766304737946
503,8456.797712,3.149779938758021
504,8458.104213,3.172768457482854
505,8459.417572,3.1986061443794847
506,8460.73779,3.213618683818327
507,8462.064865,3.2231526626606337
508,8463.398798,3.235279816973937
509,8464.73959,3.2297251553896635
510,8466.087239,3.228586699177746
511,8467.441746,3.2257251748732596
512,8468.803111,3.226404264502606
513,8470.171334,3.2285170923344073
514,8471.546415,3.2428870976033415
515,8472.928354,3.272254238598983
516,8474.317151,3.2963136406752587
517,8475.712806,3.3388772353242895
518,8477.115318,3.381593282760522
519,8478.524689,3.4273364514206976
520,8479.940918,3.4619283683479063
521,8481.364005,3.4952226188718685
522,8482.793949,3.5249470783366896
523,8484.230752,3.537370189325776
524,8485.674412,3.545556999703571
525,8487.124931,3.55814915497999
526,8488.582307,3.5505969969080913
527,8490.046541,3.5403973437494916
528,8491.517634,3.521590429722845
529,8492.995584,3.4972472888748505
530,8494.480392,3.4694679192334297
531,8495.972059,3.4264961887203684
532,8497.470583,3.383013093926692
533,8498.975965,3.3277244341290677
534,8500.488205,3.2717973382917513
535,8502.007303,3.2102082648682133
536,8503.533259,3.149001538638726
537,8505.066073,3.0889780764594517
538,8506.605745,3.042155817375182
539,8508.152274,2.9953246886065683
540,8509.705662,2.9669108815014207
541,8511.265908,2.9448692301808777
542,8512.833012,2.9432877726413813
543,8514.406973,2.952061744643043
544,8515.987793,2.9741090292601706
545,8517.57547,3.010437555351612
546,8519.170006,3.039496470972273
547,8520.771399,3.0748100085425083
548,8522.379651,3.1098647365331944
549,8523.99476,3.139311259796559
550,8525.616727,3.164677372371803
551,8527.245553,3.1870367876209453
552,8528.881236,3.2058701321991814
553,8530.523777,3.212578165257911
554,8532.173176,3.2153397301213706
555,8533.829433,3.219506743206257
556,8535.492548,3.2189363403280926
557,8537.162521,3.2038939598290574
558,8538.839352,3.1955378454553354
559,8540.523041,3.191512366485503
560,8542.213588,3.1815570705099443
561,8543.910993,3.1679129476810726
562,8545.615255,3.157965312705961
563,8547.326376,3.1430237417271027
564,8549.044355,3.1441158524817276
565,8550.769191,3.1419532138392317
566,8552.500886,3.1509695698795657
567,8554.239438,3.1704834082046998
568,8555.984849,3.196610965003553
569,8557.737117,3.227884168428148
570,8559.496244,3.2526329671532612
571,8561.262228,3.2745814539276332
572,8563.03507,3.2940577375114537
573,8564.814771,3.313392599911304
574,8566.601329,3.32344993186305
575,8568.394745,3.327435482335131
576,8570.195019,3.325495888454068
577,8572.002151,3.326378567121615
578,8573.816141,3.308330093581545
579,8575.636989,3.2883049855508286
580,8577.464695,3.2541514250051358
581,8579.299259,3.2298001399013145
582,8581.140681,3.1986504042314974
583,8582.98896,3.160254341505191
584,8584.844098,3.1237884766848962
585,8586.706094,3.091771132831861
586,8588.574947,3.068512096360618
587,8590.450659,3.0455327559199876
588,8592.333228,3.030410741081591
589,8594.222656,3.020455476669807
590,8596.118941,3.0184079364397762
591,8598.022085,3.0177037865236134
592,8599.932086,3.01369126726796
593,8601.848945,3.0167048816882773
594,8603.772663,3.0178854927368213
595,8605.703238,3.017110506566065
596,8607.640671,3.015555807176331
597,8609.584962,3.019588058368483
598,8611.536111,3.015297886508231
599,8613.494118,3.016606413150068
600,8615.458983,3.018252825158858
601,8617.430706,3.018025360472466
602,8619.409287,3.0277199523522786
603,8621.394726,3.0324379954039635
604,8623.387023,3.041640128368067
605,8625.386177,3.055089794017153
606,8627.39219,3.062128232768963
607,8629.405061,3.0657813232512217
608,8631.424789,3.069776456927266
609,8633.451376,3.077420102842946
610,8635.48482,3.079595386201472
611,8637.525123,3.0871303088044204
612,8639.572283,3.0886895504124143
613,8641.626302,3.0942881794675308
614,8643.687178,3.099153917171928
615,8645.754912,3.10520711719844
616,8647.829505,3.106696380653497
617,8649.910955,3.1180141513138584
618,8651.999263,3.1212730143068175
619,8654.094429,3.1252651008051346
620,8656.196453,3.1285423015339577
621,8658.305335,3.1266162874548726
622,8660.421075,3.1161198781788397
623,8662.543673,3.105908796250335
624,8664.673129,3.0933766118844948
625,8666.809442,3.0760992860153618
626,8668.952614,3.06208897881705
627,8671.102644,3.0426059280697504
628,8673.259532,3.0318786496230263
629,8675.423277,3.014259617225045
630,8677.593881,3.0097882328885763
631,8679.771342,3.0100794298030467
632,8681.955662,3.0083275723233998
633,8684.146839,3.0013905285855618
634,8686.344875,3.003490512627284
635,8688.549768,2.997960876286772
636,8690.761519,2.9959153782857837
637,8692.980129,2.983071504181484
638,8695.205596,2.9748009552967956
639,8697.437921,2.960573097168396
640,8699.677104,2.9468884188436455
641,8701.923145,2.93854544795293
642,8704.176044,2.9343767904354214
643,8706.435801,2.9295740471431575
644,8708.702416,2.927561227819837
645,8710.975889,2.9292271853508303
646,8713.25622,2.9260166696867875
647,8715.543409,2.9302149783390425
648,8717.837455,2.929417340334331
649,8720.13836,2.933486525955535
650,8722.446123,2.931339928336917
651,8724.760743,2.9356434203655217
652,8727.082222,2.9341172023543134
653,8729.410558,2.9374255886689182
654,8731.745753,2.9366933347246493
655,8734.087805,2.9438218473901756
656,8736.436716,2.94512591692797
657,8738.792484,2.950167047155162
658,8741.15511,2.9510484715008114
659,8743.524594,2.9541438296987454
660,8745.900937,2.9544520832775967
661,8748.284137,2.9585668985942126
662,8750.674195,2.96209718224941
663,8753.071111,2.9634108969764132
664,8755.474885,2.96195913115526
665,8757.885517,2.9589091533511436
666,8760.303007,2.9628529828024526
667,8762.727354,2.9577207301691537
668,8765.15856,2.952394670447625
669,8767.596624,2.9469238561125897
670,8770.041546,2.9404170521750035
671,8772.493325,2.931827662974286
672,8774.951963,2.9191682979024907
673,8777.417459,2.911568143545347
674,8779.889812,2.900830413614483
675,8782.369024,2.8971649874083085
676,8784.855093,2.891598940605425
677,8787.34802,2.8877699053588577
678,8789.847806,2.8843189792426718
679,8792.354449,2.884183956597473
680,8794.86795,2.885057905906719
681,8797.38831,2.87714820096671
682,8799.915527,2.8786619393553083
683,8802.449602,2.875122884948652
684,8804.990535,2.8759959154842547
685,8807.538326,2.8639272391706627
686,8810.092975,2.860511589516988
687,8812.654482,2.859228549203032
688,8815.222847,2.8504948993439454
689,8817.798069,2.8442568958569656
690,8820.38015,2.8434064808486417
691,8822.969089,2.833628771547961
692,8825.564886,2.833912711618284
693,8828.16754,2.8291740250737365
694,8830.777053,2.8222349565285034
695,8833.393423,2.8167273096361156
696,8836.016652,2.8164093173938145
697,8838.646738,2.8138322392603214
698,8841.283683,2.809811076967554
699,8843.927485,2.806864893776641
700,8846.578146,2.805521724795007
701,8849.235664,2.8084702084466175
702,8851.90004,2.8070808126497746
703,8854.571274,2.8077049596414496
704,8857.249366,2.812944637435441
705,8859.934316,2.807179003543611
706,8862.626124,2.8131449232082564
707,8865.32479,2.803546865286347
708,8868.030314,2.8002715655165757
709,8870.742696,2.789973364218799
710,8873.461936,2.76325581180925
711,8876.188034,2.7320822565894356
712,8878.92099,2.7048015783220087
713,8881.660803,2.688178652695013
714,8884.407475,2.6847450118028098
715,8887.161005,2.691578136231928
716,8889.921392,2.6983942266741545
717,8892.688638,2.7169091014906535
718,8895.462741,2.750380863450435
719,8898.243703,2.769497521557114
720,8901.031522,2.7755872258216097
721,8903.826199,2.770864578966184
722,8906.627735,2.7705426250610703
723,8909.436128,2.762418132460488
724,8912.251379,2.7640691308087715
725,8915.073488,2.7597726977295958
726,8917.902455,2.75708731425661
727,8920.73828,2.75416772842025
728,8923.580963,2.7518010419014556
729,8926.430504,2.7504806633582053
730,8929.286903,2.7476681371765252
731,8932.15016,2.7438860185750205
732,8935.020275,2.7374488308660156
733,8937.897248,2.7392397811352485
734,8940.781079,2.7310184571283127
735,8943.671767,2.7302612908697967
736,8946.569314,2.7248836061020554
737,8949.473718,2.721084661696655
738,8952.384981,2.7166020811651723
739,8955.303101,2.7189847551406454
740,8958.22808,2.711658172883728
741,8961.159916,2.7056592643497606
742,8964.098611,2.7068238903213437
743,8967.044163,2.7052168042824913
744,8969.996573,2.702521944919283
745,8972.955841,2.6994405297739497
746,8975.921968,2.7013002632798675
747,8978.894952,2.6979783672607516
748,8981.874794,2.695598568704861
749,8984.861494,2.696695346784387
750,8987.855052,2.692384822037465
751,8990.855468,2.693077240007164
752,8993.862742,2.6900235030556607
753,8996.876874,2.6908341299207312
754,8999.897863,2.6908205225270234
755,9002.925711,2.687428025531256
756,9005.960417,2.6860737849489023
757,9009.00198,2.682057593606709
758,9012.050402,2.683032444407775
759,9015.105682,2.678287542064211
760,9018.167819,2.672965920339111
761,9021.236815,2.672119223353231
762,9024.312668,2.6702370088406036
763,9027.395379,2.6654702611942405
764,9030.484949,2.6633638431933133
765,9033.581376,2.663823555372838
766,9036.684661,2.6590368031720595
767,9039.794804,2.6548969516976944
768,9042.911806,2.64833481059357
769,9046.035665,2.648768309028573
770,9049.166382,2.6443158931531103
771,9052.303957,2.6407084501044316
772,9055.44839,2.6383592792760995
773,9058.599681,2.6358782298308996
774,9061.75783,2.633397669229765
775,9064.922836,2.6302728715387564
776,9068.094701,2.626171187076036
777,9071.273424,2.6219529924386253
778,9074.459005,2.619304697975771
779,9077.651443,2.6183179881170813
